[(10, 0.9479885057471267), (20, 0.9563218390804599), (30, 0.9580459770114942), (40, 0.9614942528735633), (50, 0.9620689655172413), (60, 0.9635057471264368), (70, 0.9635057471264368), (80, 0.9640804597701148), (90, 0.9704022988505745), (100, 0.9712643678160919)]
(10, 0.9479885057471267)
(20, 0.9563218390804599)
(30, 0.9580459770114942)
(40, 0.9614942528735633)
(50, 0.9620689655172413)
(60, 0.9635057471264368)
(70, 0.9635057471264368)
(80, 0.9640804597701148)
(90, 0.9704022988505745)
(100, 0.9712643678160919)
--------------------------
Euclidean: 0.965517241379
Manhattan: 0.971264367816
Cosine: 0.862068965517
----------------------------------------------
glass:
(10, 0.37999999999999995)
(20, 0.5440000000000002)
(30, 0.5720000000000001)
(40, 0.6359999999999999)
(50, 0.6319999999999999)
(60, 0.6599999999999999)
(70, 0.6239999999999999)
(80, 0.6479999999999999)
(90, 0.6639999999999999)
(100, 0.6799999999999999)
---------------
Euclidean: 0.68
Manhattan: 0.64
Cosine: 0.68
