(10, 0.9683908045977011)
(20, 0.9735632183908045)
(30, 0.9729885057471265)
(40, 0.978735632183908)
(50, 0.97816091954023)
(60, 0.9798850574712643)
(70, 0.9781609195402299)
(80, 0.9816091954022987)
(90, 0.9804597701149426)
(100, 0.982758620689655)
-----------------------------
K
(1, 0.954022988505747)
(3, 0.9597701149425288)
(5, 0.9655172413793103)
(7, 0.9655172413793103)
(9, 0.9712643678160919)
(11, 0.9712643678160919)
(13, 0.982758620689655)
(15, 0.982758620689655)
(17, 0.982758620689655)
---------------------------------
Euclidean: 0.965517241379
Manhattan: 0.965517241379
Cosine: 0.890804597701
------------------------------------------------
Glass:
(10, 0.524)
(20, 0.616)
(30, 0.6359999999999999)
(40, 0.6319999999999999)
(50, 0.6639999999999999)
(60, 0.6439999999999999)
(70, 0.6719999999999999)
(80, 0.6719999999999999)
(90, 0.6759999999999999)
(100, 0.6799999999999999)
---------
K
(1, 0.8400000000000001)
(3, 0.7200000000000002)
(5, 0.6799999999999998)
(7, 0.5999999999999999)
(9, 0.5199999999999998)
(11, 0.5199999999999998)
(13, 0.5199999999999998)
(15, 0.5199999999999998)
(17, 0.5600000000000003)
(19, 0.5199999999999998)
(21, 0.5199999999999998)
(23, 0.5199999999999998)
(25, 0.5199999999999998)
(27, 0.48000000000000026)
(29, 0.5199999999999998)
(31, 0.48000000000000026)
(33, 0.48000000000000026)
(35, 0.48000000000000026)
(37, 0.48000000000000026)
(39, 0.48000000000000026)
(41, 0.48000000000000026)
(43, 0.48000000000000026)
---------------------------------------
Euclidean: 0.68
Manhattan: 0.72
Cosine: 0.72