Cancer:
(10, 0.9385057471264368)
(20, 0.9632183908045977)
(30, 0.9672413793103448)
(40, 0.9626436781609196)
(50, 0.9655172413793103)
(60, 0.963793103448276)
(70, 0.9735632183908045)
(80, 0.9747126436781608)
(90, 0.9752873563218392)
(100, 0.9770114942528736)
------------------------
K
(1, 0.9252873563218389)
(3, 0.9597701149425288)
(5, 0.954022988505747)
(7, 0.954022988505747)
(9, 0.9597701149425288)
(11, 0.954022988505747)
(13, 0.9597701149425288)
(15, 0.954022988505747)
(17, 0.954022988505747)
(19, 0.954022988505747)
(21, 0.954022988505747)
(23, 0.9597701149425288)
(25, 0.9597701149425288)
(27, 0.9597701149425288)
(29, 0.954022988505747)
(31, 0.9482758620689655)
(33, 0.9482758620689655)
(35, 0.9482758620689655)
(37, 0.9482758620689655)
(39, 0.9482758620689655)
(41, 0.9482758620689655)
(43, 0.9482758620689655)
--------------------------------------
Euclidean: 0.954022988506
Manhattan: 0.942528735632
Cosine: 0.85632183908
--------------------------------------

Glass:
(10, 0.530188679245283)
(20, 0.5924528301886791)
(30, 0.6037735849056602)
(40, 0.6471698113207547)
(50, 0.660377358490566)
(60, 0.6566037735849056)
(70, 0.6754716981132075)
(80, 0.6830188679245283)
(90, 0.6943396226415094)
(100, 0.6981132075471698)
--------------------------
(1, 0.7547169811320754)
(3, 0.7547169811320754)
(5, 0.7735849056603774)
(7, 0.7358490566037734)
(9, 0.6981132075471698)
(11, 0.7358490566037734)
(13, 0.7358490566037734)
(15, 0.7358490566037734)
(17, 0.7358490566037734)
(19, 0.7547169811320754)
(21, 0.7358490566037734)
(23, 0.7358490566037734)
(25, 0.7358490566037734)
(27, 0.7358490566037734)
(29, 0.7358490566037734)
(31, 0.7358490566037734)
(33, 0.7358490566037734)
(35, 0.7358490566037734)
(37, 0.7358490566037734)
(39, 0.7169811320754718)
(41, 0.7169811320754718)
(43, 0.7169811320754718)
-----------------------
distance:
Euclidean: 0.754716981132
Manhattan: 0.716981132075
Cosine: 0.735849056604